0.31500402343536915 0.077106 0.001
0.3140014933884126 0.0769648298 0.001
0.31526691348160585 0.0768236596 0.001
0.31007806066193605 0.0766824894 0.001
0.3150628097818712 0.0765413192 0.001
0.31485489627718793 0.076400149 0.001
0.31430913188241044 0.07625897879999999 0.001
0.3143348600955094 0.07611780859999999 0.001
0.31381685947377347 0.07597663839999999 0.001
0.31435741071029094 0.07583546819999999 0.001
0.31385626129909994 0.075694298 0.001
0.31431215925251876 0.0755531278 0.001
0.31451327889395353 0.0754119576 0.001
0.3144593846328238 0.0752707874 0.001
0.31388661799937956 0.0751296172 0.001
0.3134938725980807 0.074988447 0.001
0.3142108161932224 0.0748472768 0.001
0.3135648019161705 0.07470610659999999 0.001
0.29060132584903337 0.07456493639999999 0.001
0.31389939790492083 0.07442376619999999 0.001
0.3121661744846863 0.07428259599999999 0.001
0.31408814192179574 0.0741414258 0.001
0.31430645616466113 0.0740002556 0.001
0.31391511318117793 0.0738590854 0.001
0.31419620125264125 0.0737179152 0.001
0.3145532583788948 0.073576745 0.001
0.31453793099208927 0.0734355748 0.001
0.3145428516413917 0.07329440459999999 0.001
0.30928405329558867 0.07315323439999999 0.001
0.31348905469788946 0.07301206419999999 0.001
0.3084839534861694 0.07287089399999999 0.001
0.31340185759572486 0.07272972379999999 0.001
0.31460376119523265 0.0725885536 0.001
0.31478478058858467 0.0724473834 0.001
0.3147905079780185 0.0723062132 0.001
0.3154364005661751 0.072165043 0.001
0.3113238937410664 0.0720238728 0.001
0.3159430459253782 0.07188270259999999 0.001
0.2973568774738572 0.07174153239999999 0.001
0.31296411613749614 0.07160036219999999 0.001
0.31014534799770144 0.07145919199999999 0.001
0.3129388469532306 0.07131802179999999 0.001
0.3155921917603669 0.0711768516 0.001
0.31697112935065824 0.0710356814 0.001
0.3177303570698742 0.0708945112 0.001
0.3174093383293914 0.070753341 0.001
0.31544942482871463 0.0706121708 0.001
0.318418862902879 0.0704710006 0.001
0.3184956952539122 0.07032983039999999 0.001
0.31865560595106046 0.07018866019999999 0.001
0.31706907163341114 0.07004748999999999 0.001
0.31835687401271695 0.06990631979999999 0.001
0.3204567774175589 0.06976514959999999 0.001
0.32058229447449343 0.0696239794 0.001
0.3202831313771681 0.0694828092 0.001
0.32161221317880234 0.069341639 0.001
0.32055760778872056 0.0692004688 0.001
0.32268549953682424 0.0690592986 0.001
0.3228271199754622 0.0689181284 0.001
0.3226644675437611 0.06877695819999999 0.001
0.3241093033586525 0.06863578799999999 0.001
0.3247688669597671 0.06849461779999999 0.001
0.3252114651751804 0.06835344759999999 0.001
0.32588756517545037 0.0682122774 0.001
0.3252670838872673 0.0680711072 0.001
0.3272001513739428 0.067929937 0.001
0.3272080632035352 0.0677887668 0.001
0.32304542007753195 0.0676475966 0.001
0.3272337222987712 0.0675064264 0.001
0.3287941715986211 0.0673652562 0.001
0.3307359550587249 0.06722408599999999 0.001
0.3314814967731856 0.06708291579999999 0.001
0.3322508002949738 0.06694174559999999 0.001
0.3331403185454161 0.06680057539999999 0.001
0.33335338242191576 0.0666594052 0.001
0.33482215257158576 0.066518235 0.001
0.33573953893074465 0.0663770648 0.001
0.3363894066202341 0.0662358946 0.001
0.33219186510781634 0.0660947244 0.001
0.3382847835491482 0.0659535542 0.001
0.33966899780567283 0.065812384 0.001
0.33942959553520213 0.06567121379999999 0.001
0.3411985610054165 0.06553004359999999 0.001
0.34260229638148576 0.06538887339999999 0.001
0.34208197716489824 0.06524770319999999 0.001
0.34509414415673695 0.065106533 0.001
0.3462797212802487 0.0649653628 0.001
0.34770940456169175 0.0648241926 0.001
0.3464436526091851 0.0646830224 0.001
0.3498826549921094 0.0645418522 0.001
0.3516443704375849 0.06440068199999999 0.001
0.3528807906651204 0.0642595118 0.001
0.35424806443096907 0.06411834159999999 0.001
0.355434547132372 0.06397717139999999 0.001
0.35751995760165856 0.06383600119999999 0.001
0.35906914213033597 0.063694831 0.001
0.3606419025675719 0.0635536608 0.001
0.36198758650275387 0.0634124906 0.001
0.3640427012956498 0.0632713204 0.001
0.3657840213615349 0.0631301502 0.001
0.3652179100753853 0.06298898 0.001
0.36859328593246815 0.06284780979999999 0.001
0.37128148792514354 0.0627066396 0.001
0.3728797189559106 0.06256546939999999 0.001
0.3730441567897882 0.06242429919999999 0.001
0.37276806558748454 0.06228312899999999 0.001
0.3710648551821025 0.062141958799999994 0.001
0.3682852257327253 0.062000788599999995 0.001
0.38204310413077386 0.0618596184 0.001
0.35962417669311864 0.0617184482 0.001
0.3838282498527894 0.061577278 0.001
0.3904034752507914 0.061436107799999994 0.001
0.3928983361084487 0.061294937599999995 0.001
0.3955257172562071 0.061153767399999996 0.001
0.39793297685704915 0.06101259719999999 0.001
0.40067301241160536 0.06087142699999999 0.001
0.39946039616132945 0.06073025679999999 0.001
0.4058579549651015 0.060589086599999994 0.001
0.40370546186549977 0.060447916399999996 0.001
0.4116660271906903 0.0603067462 0.001
0.4144083741438023 0.060165576 0.001
0.4175281787192461 0.0600244058 0.001
0.42063519350287476 0.059883235599999994 0.001
0.42315252120847385 0.059742065399999995 0.001
0.42667639267795127 0.0596008952 0.001
0.430023763611702 0.05945972499999999 0.001
0.4331559633040819 0.05931855479999999 0.001
0.4310841782257331 0.059177384599999994 0.001
0.4372857466474675 0.059036214399999995 0.001
0.4435708064347497 0.058895044199999996 0.001
0.44683502646777823 0.058753874 0.001
0.4496708223169654 0.0586127038 0.001
0.4530548023670092 0.05847153359999999 0.001
0.4580963017912145 0.058330363399999995 0.001
0.46178513417545713 0.058189193199999996 0.001
0.4653774570013379 0.05804802299999999 0.001
0.4690967260610264 0.05790685279999999 0.001
0.47258296492405377 0.05776568259999999 0.001
0.47688497771249416 0.057624512399999994 0.001
0.4816140427225724 0.057483342199999996 0.001
0.4861011876653848 0.057342172 0.001
0.47017790615115074 0.0572010018 0.001
0.49470871970754177 0.0570598316 0.001
0.4991185130163859 0.056918661399999994 0.001
0.5025002462134329 0.056777491199999995 0.001
0.5074184132690261 0.056636320999999996 0.001
0.5116914447309248 0.05649515079999999 0.001
0.5161957446521002 0.05635398059999999 0.001
0.5205203300188731 0.05621281039999999 0.001
0.5255199390425791 0.056071640199999995 0.001
0.5305000537093343 0.055930469999999996 0.001
0.5296924522565365 0.0557892998 0.001
0.5401130894248225 0.0556481296 0.001
0.5448081713906725 0.0555069594 0.001
0.5496050592337535 0.055365789199999994 0.001
0.5543498088898438 0.055224618999999996 0.001
0.5589940786245221 0.0550834488 0.001
0.5639906660689723 0.05494227859999999 0.001
0.5688191646580033 0.05480110839999999 0.001
0.5732160445740466 0.054659938199999994 0.001
0.5745320205476341 0.054518767999999995 0.001
0.5816011676427003 0.0543775978 0.001
0.5882554583001832 0.0542364276 0.001
0.592204812376539 0.0540952574 0.001
0.5981751037405666 0.053954087199999994 0.001
0.6030573157120876 0.053812916999999995 0.001
0.6078633810088554 0.053671746799999996 0.001
0.6124526226214592 0.05353057659999999 0.001
0.6182128478717617 0.05338940639999999 0.001
0.6230885206177024 0.05324823619999999 0.001
0.628160722947921 0.053107065999999994 0.001
0.6303890603113894 0.052965895799999996 0.001
0.6378371397325031 0.0528247256 0.001
0.6429178759433184 0.0526835554 0.001
0.6475151860882346 0.0525423852 0.001
0.6530088877642071 0.052401214999999994 0.001
0.6573566109792275 0.052260044799999995 0.001
0.6629395774135598 0.0521188746 0.001
0.6669983512620883 0.05197770439999999 0.001
0.671715389036766 0.05183653419999999 0.001
0.6671154164471149 0.051695363999999994 0.001
0.681879351989812 0.051554193799999995 0.001
0.6828833409514355 0.051413023599999996 0.001
0.6595036660071126 0.0512718534 0.001
0.6958343787469963 0.0511306832 0.001
0.7013594617732292 0.050989513 0.001
0.7025644879013393 0.050848342799999995 0.001
0.7117202095720925 0.050707172599999996 0.001
0.7112023034708981 0.0505660024 0.001
0.693671949882649 0.05042483219999999 0.001
0.7246282953283278 0.05028366199999999 0.001
0.7311992618510816 0.050142491799999994 0.001
0.7360432074187605 0.050001321599999995 0.001
0.7400149617526882 0.0498601514 0.001
0.7455706682522387 0.0497189812 0.001
0.7503356506419335 0.049577811 0.001
0.7548878024106025 0.049436640799999994 0.001
0.7543434957569677 0.049295470599999995 0.001
0.7585265505023322 0.049154300399999996 0.001
0.7065186601504403 0.04901313019999999 0.001
0.6058240046216402 0.04887195999999999 0.001
0.5030787737107103 0.04873078979999999 0.001
0.4036668029040527 0.048589619599999995 0.001
0.30995963581867353 0.048448449399999996 0.001
0.2545967959591005 0.0483072792 0.001
0.23218250982003819 0.048166109 0.001
0.21594523977805197 0.0480249388 0.001
0.20128561553649188 0.047883768599999994 0.001
0.19197308215851322 0.047742598399999996 0.001
0.1827242745634877 0.0476014282 0.001
0.17387227404041425 0.04746025799999999 0.001
0.16659494920887524 0.04731908779999999 0.001
0.15990849518153671 0.047177917599999994 0.001
0.1532194918877038 0.047036747399999995 0.001
0.14664982995108317 0.046895577199999997 0.001
0.14175906785978765 0.046754407 0.001
0.13676483761687416 0.0466132368 0.001
0.12213690982726644 0.0464720666 0.001
0.12253442479198828 0.046330896399999995 0.001
0.12148255557216013 0.046189726199999996 0.001
0.11877352591854258 0.046048556 0.001
0.1149293100157106 0.04590738579999999 0.001
0.10912297489273236 0.04576621559999999 0.001
0.10751691704665296 0.045625045399999994 0.001
0.10437504954727958 0.045483875199999996 0.001
0.10119347496307518 0.045342705 0.001
0.09806211394915769 0.0452015348 0.001
0.09514642300678537 0.04506036459999999 0.001
0.0920875297315848 0.044919194399999994 0.001
0.08948171202907282 0.044778024199999995 0.001
0.08587883584557152 0.044636854 0.001
0.08450189659226096 0.0444956838 0.001
0.08184342296598732 0.04435451359999999 0.001
0.0797596207429103 0.044213343399999994 0.001
0.07674815988733902 0.044072173199999995 0.001
0.07476783889419711 0.043931002999999996 0.001
0.06669639821316861 0.0437898328 0.001
0.07108504032424154 0.0436486626 0.001
0.06911904495938198 0.04350749239999999 0.001
0.06741577502153916 0.043366322199999995 0.001
0.06545041436117803 0.043225151999999996 0.001
0.06324203327141 0.0430839818 0.001
0.06193467419617914 0.0429428116 0.001
0.06046445254661183 0.04280164139999999 0.001
0.058447719119508176 0.042660471199999994 0.001
0.05645895003076017 0.042519300999999995 0.001
0.055743626373025594 0.0423781308 0.001
0.0542589450787698 0.0422369606 0.001
0.05173010490054649 0.0420957904 0.001
0.051448460155216286 0.041954620199999994 0.001
0.048917372275504974 0.041813449999999995 0.001
0.04890377364378882 0.041672279799999996 0.001
0.04756982218338296 0.0415311096 0.001
0.04436333934400402 0.0413899394 0.001
0.04496048427734435 0.04124876919999999 0.001
0.044068406230269384 0.041107598999999995 0.001
0.042451177739483086 0.040966428799999996 0.001
0.03908936085826387 0.0408252586 0.001
0.040371780589230334 0.0406840884 0.001
0.039458384806471576 0.04054291819999999 0.001
0.03873107479049426 0.040401747999999994 0.001
0.03780571497329077 0.040260577799999996 0.001
0.036184051841093544 0.0401194076 0.001
0.035813342775391326 0.0399782374 0.001
0.03474543131765659 0.03983706719999999 0.001
0.034089248875073225 0.039695896999999994 0.001
0.03320210868287672 0.039554726799999995 0.001
0.03239963039221771 0.039413556599999996 0.001
0.0313136444579209 0.0392723864 0.001
0.03082894221895482 0.0391312162 0.001
0.029895952420141262 0.038990045999999993 0.001
0.029155766409438465 0.038848875799999995 0.001
0.02845829522044912 0.038707705599999996 0.001
0.02784037385731719 0.0385665354 0.001
0.027139833262031017 0.0384253652 0.001
0.026466376887810495 0.03828419499999999 0.001
0.025803910210742208 0.038143024799999994 0.001
0.024106194494902564 0.038001854599999996 0.001
0.024500069365078984 0.0378606844 0.001
0.02386851816891321 0.0377195142 0.001
0.02328696484359697 0.037578344 0.001
0.022708517369495564 0.037437173799999994 0.001
0.022136669068164277 0.037296003599999995 0.001
0.021493576047134533 0.0371548334 0.001
0.02101336685379354 0.0370136632 0.001
0.0204764369237896 0.036872493 0.001
0.01938235311765527 0.036731322799999994 0.001
0.019383450948695997 0.036590152599999995 0.001
0.018957786614896513 0.036448982399999996 0.001
0.017752865019586197 0.0363078122 0.001
0.018004435454610824 0.036166642 0.001
0.017520139749486647 0.03602547179999999 0.001
0.01704234004685732 0.035884301599999995 0.001
0.01664917133001611 0.035743131399999996 0.001
0.016220741661897423 0.0356019612 0.001
0.015606013667696763 0.035460791 0.001
0.015345036374821357 0.03531962079999999 0.001
0.014767191628047842 0.035178450599999994 0.001
0.013946577438757666 0.035037280399999995 0.001
0.013997977806252648 0.0348961102 0.001
0.013844996840572471 0.03475494 0.001
0.013481373998232396 0.0346137698 0.001
0.013020533608657982 0.034472599599999994 0.001
0.012776259550068775 0.034331429399999995 0.001
0.01224485715844667 0.034190259199999996 0.001
0.012101303884274543 0.034049089 0.001
0.011757652853861461 0.0339079188 0.001
0.01144321698852359 0.03376674859999999 0.001
0.011131381916540032 0.033625578399999995 0.001
0.010802644783736097 0.033484408199999996 0.001
0.010524613159144977 0.033343238 0.001
0.009781258209344307 0.0332020678 0.001
0.009925615718166256 0.0330608976 0.001
0.009563503265135597 0.032919727399999994 0.001
0.009417288161349261 0.032778557199999996 0.001
0.009171999983903242 0.032637387 0.001
0.00883344232284763 0.0324962168 0.001
0.008568565191146158 0.0323550466 0.001
0.007717527363322542 0.032213876399999994 0.001
0.00797456918615979 0.032072706199999995 0.001
0.007832706904692205 0.031931535999999996 0.001
0.007707456432521548 0.0317903658 0.001
0.007492674116583928 0.0316491956 0.001
0.007274347377748171 0.03150802539999999 0.001
0.007055191436754701 0.031366855199999995 0.001
0.006889005641645366 0.031225684999999996 0.001
0.0068511972376724736 0.031084514799999997 0.001
0.006796972946714973 0.0309433446 0.001
0.00674565745047462 0.030802174399999993 0.001
0.006693260204828351 0.030661004199999994 0.001
0.006640134309993461 0.030519833999999996 0.001
0.00656104551335932 0.030378663799999997 0.001
0.006517609801547527 0.0302374936 0.001
0.0064861536371226495 0.0300963234 0.001
0.0064241003399969025 0.029955153199999994 0.001
0.0063795969658529735 0.029813982999999995 0.001
0.006333427991372182 0.029672812799999997 0.001
0.006283015072027801 0.029531642599999998 0.001
0.006232849837708713 0.0293904724 0.001
0.006182932210561774 0.029249302199999994 0.001
0.006107967728590594 0.029108131999999995 0.001
0.0060838394697575755 0.028966961799999996 0.001
0.00603466420475765 0.028825791599999998 0.001
0.0059857362424177284 0.0286846214 0.001
0.005937055508338842 0.0285434512 0.001
0.00588862192842079 0.028402280999999995 0.001
0.0058414380789337 0.028261110799999996 0.001
0.005792495936236442 0.028119940599999997 0.001
0.005744803378389697 0.0279787704 0.001
0.0056736513870353335 0.0278376002 0.001
0.005622425129091457 0.027696429999999994 0.001
0.005603206594140245 0.027555259799999995 0.001
0.005556501059649657 0.027414089599999997 0.001
0.005510042105895579 0.027272919399999998 0.001
0.005463829663012062 0.0271317492 0.001
0.00540899055531347 0.026990578999999994 0.001
0.00537214403685958 0.026849408799999995 0.001
0.00532667071773488 0.026708238599999996 0.001
0.005281443637477959 0.026567068399999998 0.001
0.0052364627311755245 0.0264258982 0.001
0.005191727931328951 0.026284727999999993 0.001
0.00513115946429205 0.026143557799999995 0.001
0.005102996393461434 0.026002387599999996 0.001
0.005058999524922364 0.025861217399999997 0.001
0.005015248505700379 0.0257200472 0.001
0.0049717432706994046 0.025578877 0.001
0.004928483758971219 0.025437706799999994 0.001
0.004885469906480624 0.025296536599999996 0.001
0.004842701653322655 0.025155366399999997 0.001
0.004800178936000986 0.025014196199999998 0.001
0.004757901695504299 0.024873026 0.001
0.004715869871795804 0.024731855799999994 0.001
0.004674083402787991 0.024590685599999995 0.001
0.004632542231578402 0.024449515399999996 0.001
0.0045912462983468206 0.024308345199999998 0.001
0.004550195545584906 0.024167175 0.001
0.004486869153728671 0.0240260048 0.001
0.004445797939045828 0.023884834599999995 0.001
0.004428513786636827 0.023743664399999996 0.001
0.004388443176124031 0.023602494199999997 0.001
0.004348617461639156 0.023461324 0.001
0.0043090365860828685 0.0233201538 0.001
0.0042697004935647416 0.023178983599999994 0.001
0.004230609130626096 0.023037813399999996 0.001
0.004195020830560873 0.022896643199999997 0.001
0.004153160370576898 0.022755473 0.001
0.004114802864229215 0.0226143028 0.001
0.004076689871593737 0.022473132599999994 0.001
0.004038821336683742 0.022331962399999995 0.001
0.004001197206468858 0.022190792199999997 0.001
0.003933358621393297 0.022049621999999998 0.001
0.0038859837074447746 0.0219084518 0.001
0.0038897907147836613 0.021767281599999994 0.001
0.003829145864356208 0.021626111399999995 0.001
0.0038016294627685114 0.021484941199999996 0.001
0.0037805819663205 0.021343770999999997 0.001
0.0037446671916624387 0.0212026008 0.001
0.0037087328967799964 0.0210614306 0.001
0.0036735695384479974 0.020920260399999994 0.001
0.0036429537924223634 0.020779090199999996 0.001
0.0035658232618743096 0.020637919999999997 0.001
0.0035463963381513175 0.0204967498 0.001
0.0035343003250764542 0.0203555796 0.001
0.003500092309563274 0.020214409399999994 0.001
0.0034609427551015974 0.020073239199999995 0.001
0.003432407038190458 0.019932068999999997 0.001
0.0033887996569135774 0.019790898799999998 0.001
0.0033677902917466107 0.0196497286 0.001
0.0033195238505655754 0.0195085584 0.001
0.0032999579302033094 0.019367388199999995 0.001
0.003267453938770257 0.019226217999999996 0.001
0.0032288741719106715 0.019085047799999998 0.001
0.00320317546011481 0.0189438776 0.001
0.0031752538524801952 0.0188027074 0.001
0.003139869208845632 0.018661537199999995 0.001
0.0031116852009236205 0.018520366999999996 0.001
0.003077534622843635 0.018379196799999997 0.001
0.0030467315167764745 0.0182380266 0.001
0.0030161710947176003 0.0180968564 0.001
0.0029858532730015217 0.017955686199999994 0.001
0.0029557779643329192 0.017814515999999996 0.001
0.002925945075569306 0.017673345799999997 0.001
0.002903046870988613 0.017532175599999998 0.001
0.002867006164227423 0.0173910054 0.001
0.0028378999310868084 0.017249835199999994 0.001
0.0028090356956202004 0.017108664999999995 0.001
0.002788821903247809 0.016967494799999996 0.001
0.002752032724600599 0.016826324599999998 0.001
0.002730260219176233 0.0166851544 0.001
0.0026841361180587994 0.0165439842 0.001
0.0026683399558260846 0.016402813999999995 0.001
0.0026485088258210426 0.016261643799999996 0.001
0.0026038860747494737 0.016120473599999997 0.001
0.002586817381466504 0.0159793034 0.001
0.002563454352376215 0.0158381332 0.001
0.0025448660291391436 0.015696962999999994 0.001
0.0025074597759973368 0.015555792799999996 0.001
0.0024814872611280477 0.015414622599999997 0.001
0.002443656536452797 0.015273452399999998 0.001
0.002430260600444202 0.0151322822 0.001
0.002343400127096873 0.014991112000000001 0.001
0.0023799895854855944 0.014849941799999995 0.001
0.002368606809789417 0.014708771599999997 0.001
0.0023306706923888385 0.014567601399999991 0.001
0.0022381537846172107 0.014426431199999992 0.001
0.0022823002864221557 0.014285260999999994 0.001
0.0022711368165095917 0.014144090799999995 0.001
0.0022239061217681775 0.014002920599999996 0.001
0.002211514446601005 0.013861750399999997 0.001
0.0021915049357758764 0.013720580199999999 0.001
0.002183828258396254 0.01357941 0.001
0.0021612010827481397 0.013438239800000001 0.001
0.0021395652642512567 0.013297069600000003 0.001
0.002119269450722378 0.013155899400000004 0.001
0.002093963304838471 0.013014729199999991 0.001
0.002054498915678289 0.012873558999999993 0.001
0.0020568516882292706 0.012732388799999994 0.001
0.0020334724844947014 0.012591218599999995 0.001
0.0019906222397462017 0.012450048399999997 0.001
0.001969772844651621 0.012308878199999998 0.001
0.0019491411494640986 0.012167708 0.001
0.0018989369795623858 0.0120265378 0.001
0.0019255220830944968 0.011885367600000002 0.001
0.0018885248021218131 0.011744197400000003 0.001
0.0018908200716514466 0.01160302719999999 0.001
0.0018491437399874018 0.011461856999999992 0.001
0.001854793908316215 0.011320686799999993 0.001
0.0018503686191014587 0.011179516599999995 0.001
0.001793237163710152 0.011038346399999996 0.001
0.0018130531624760663 0.010897176199999997 0.001
0.0018006233160493869 0.010756005999999999 0.001
0.0017509362023697538 0.0106148358 0.001
0.0017631661411457319 0.010473665600000001 0.001
0.0017132568530203352 0.010332495400000002 0.001
0.0017421566557934136 0.010191325200000004 0.001
0.0017003078951659842 0.010050154999999991 0.001
0.0016899965973513715 0.009908984799999992 0.001
0.0016922179266510384 0.009767814599999994 0.001
0.0016811886790687493 0.009626644399999995 0.001
0.0016796422697006712 0.009485474199999996 0.001
0.0016686275610209038 0.009344303999999998 0.001
0.001655166090054395 0.009203133799999999 0.001
0.0016544831925835945 0.0090619636 0.001
0.0016034858959915286 0.008920793400000002 0.001
0.0016251985979943305 0.008779623200000003 0.001
0.0016351502256988612 0.008638453000000004 0.001
0.0016276725686995037 0.008497282799999992 0.001
0.00163021344657767 0.008356112599999993 0.001
0.0016585015388667604 0.008214942399999994 0.001
0.0016760543845995295 0.008073772199999996 0.001
0.00168558985240065 0.007932601999999997 0.001
0.0017695683359239584 0.007791431799999998 0.001
0.001864699412049222 0.0076502615999999996 0.001
0.002142912394956216 0.007509091400000001 0.001
0.0033276074565844896 0.007367921200000002 0.001
0.0019344216581345037 0.0072267510000000035 0.001
0.0012523203120279641 0.007085580800000005 0.001
0.0012478493744935402 0.006944410599999992 0.001
0.0012437376785227492 0.0068032403999999935 0.001
0.0012393294103438036 0.006662070199999995 0.001
0.0012375290664604418 0.0065209 0.001