0.7177952925453284 0.05401725800001826
0.6531027681481261 0.11236042453145904
0.6159170240741954 0.15794742056167424
0.5330981271196991 0.19766566063925087
0.40727223043656635 0.23371910141913227
0.31936703150340606 0.26717408151261574
0.2627705920898527 0.2986492555344945
0.22681952896651864 0.3285438744031143
0.20196610287362765 0.35713450807433034
0.18536207895470247 0.3846227206807176
0.17508094864868862 0.4111611430685732
0.16837916235648445 0.4368688629962807
0.165243321988298 0.4618410594273031
0.16320908800373618 0.48615532200016437
0.16213290057422863 0.5098759570965903
0.16055437718010557 0.5330570164191396
0.15385451759844404 0.6422761164998206
0.14167440762221156 0.7428697128990142
0.12705837904071127 0.837051974060968
0.1135355040412836 0.9261999803144801
0.10501790968041107 1.0112438207831314
0.09505021531403107 1.0928489260714853
0.08818034124404203 1.1715121149870011
0.08035725125723342 1.247616723241421
0.06864434179356953 1.3214663697310536
0.05548618075584835 1.3933067209883165
0.04578182802839903 1.4633401099716108
0.039558429980391316 1.5317356951085206
0.03387037643132981 1.5986367248935331
0.02989388004651479 1.664165860896694
0.02580470543260777 1.7284291610349911